                           Stratified by met_guideline
                            0             1             SMD   
  n                         16347          5888               
  age (mean (SD))           60.65 (12.24) 57.76 (11.88)  0.240
  sex = male (%)             7580 (46.4)   3203 (54.4)   0.161
  race (%)                                               0.154
     1                       2395 (14.7)    695 (11.8)        
     2                       1812 (11.1)    533 ( 9.1)        
     3                       6751 (41.3)   2664 (45.2)        
     4                       3673 (22.5)   1198 (20.3)        
     5                       1716 (10.5)    798 (13.6)        
  education (%)                                          0.570
     1                       2541 (15.6)    413 ( 7.0)        
     2                       2741 (16.8)    449 ( 7.6)        
     3                       3932 (24.1)   1135 (19.3)        
     4                       4328 (26.5)   1678 (28.5)        
     5                       2775 (17.0)   2208 (37.5)        
  income_ratio (mean (SD))   2.36 (1.56)   3.15 (1.66)   0.493
  smoke (%)                                              0.220
     current                 3326 (20.4)    725 (12.3)        
     former                  4714 (28.9)   1800 (30.6)        
     never                   8295 (50.8)   3359 (57.1)        
  prior_disease (mean (SD))  0.23 (0.42)   0.19 (0.39)   0.100
  bmi (mean (SD))           29.96 (7.03)  28.36 (5.78)   0.249
  died (mean (SD))           0.16 (0.37)   0.08 (0.27)   0.271
  follow_months (mean (SD)) 77.21 (42.12) 79.51 (40.55)  0.056
